P=2;
M={1,1,1,1,1,0,0},{1,1,1,1,1,0,0};
d={7.5,7.5};
s={6.0,13.0};
e={14.0,21.0};
shift_name={M1,S1};
rs=2.4857142857142858;
bs=2.4857142857142858;
L=7;
nb_agents={1,0,1,0,1,0,0};
Pm=1;
Pj=0;
Ps=1;
Pn=0;
nw={1,1,1,1,1,1,1,1,1,1,1,1};
