P=3;
M={2,2,2,2,2,1,1},{1,1,1,1,1,1,1},{1,1,1,1,1,1,1};
d={7.5,7.5,7.5};
s={6.0,9.0,13.0};
e={14.0,17.0,21.0};
shift_name={M1,J1,S1};
rs=6.574014221073044;
bs=6.574014221073044;
L=7;
nb_agents={4,0,1,0,1,1,1};
Pm=1;
Pj=1;
Ps=1;
Pn=0;
nw={0,0,0,1,0,1,1,1,1,1,1,1};
