P=2;
M={2,2,2,2,2,1,1},{1,1,1,1,1,1,1};
d={7.5,7.5};
s={6.0,13.0};
e={14.0,21.0};
shift_name={M1,S1};
rs=4.804460245636716;
bs=4.804460245636716;
L=7;
nb_agents={2,0,1,1,1,1,0};
Pm=1;
Pj=0;
Ps=1;
Pn=0;
nw={0,0,0,1,0,1,1,1,1,1,1,1};
